{
 "cells": [
  {
   "cell_type": "code",
   "execution_count": 1,
   "metadata": {},
   "outputs": [],
   "source": [
    "import pandas as pd\n",
    "import numpy as np"
   ]
  },
  {
   "cell_type": "markdown",
   "metadata": {},
   "source": [
    "# Camiones y Camión"
   ]
  },
  {
   "cell_type": "code",
   "execution_count": 23,
   "metadata": {},
   "outputs": [
    {
     "data": {
      "text/html": [
       "<div>\n",
       "<style scoped>\n",
       "    .dataframe tbody tr th:only-of-type {\n",
       "        vertical-align: middle;\n",
       "    }\n",
       "\n",
       "    .dataframe tbody tr th {\n",
       "        vertical-align: top;\n",
       "    }\n",
       "\n",
       "    .dataframe thead th {\n",
       "        text-align: right;\n",
       "    }\n",
       "</style>\n",
       "<table border=\"1\" class=\"dataframe\">\n",
       "  <thead>\n",
       "    <tr style=\"text-align: right;\">\n",
       "      <th></th>\n",
       "      <th>Cliente</th>\n",
       "      <th>Coord x</th>\n",
       "      <th>Coord y</th>\n",
       "    </tr>\n",
       "  </thead>\n",
       "  <tbody>\n",
       "    <tr>\n",
       "      <th>0</th>\n",
       "      <td>A</td>\n",
       "      <td>0.257571</td>\n",
       "      <td>1.803726</td>\n",
       "    </tr>\n",
       "    <tr>\n",
       "      <th>1</th>\n",
       "      <td>B</td>\n",
       "      <td>1.523313</td>\n",
       "      <td>2.102301</td>\n",
       "    </tr>\n",
       "    <tr>\n",
       "      <th>2</th>\n",
       "      <td>C</td>\n",
       "      <td>0.710910</td>\n",
       "      <td>2.629800</td>\n",
       "    </tr>\n",
       "    <tr>\n",
       "      <th>3</th>\n",
       "      <td>D</td>\n",
       "      <td>1.013940</td>\n",
       "      <td>2.149740</td>\n",
       "    </tr>\n",
       "    <tr>\n",
       "      <th>4</th>\n",
       "      <td>E</td>\n",
       "      <td>0.609480</td>\n",
       "      <td>0.666810</td>\n",
       "    </tr>\n",
       "    <tr>\n",
       "      <th>5</th>\n",
       "      <td>F</td>\n",
       "      <td>0.998640</td>\n",
       "      <td>1.451790</td>\n",
       "    </tr>\n",
       "    <tr>\n",
       "      <th>6</th>\n",
       "      <td>G</td>\n",
       "      <td>1.434510</td>\n",
       "      <td>0.018180</td>\n",
       "    </tr>\n",
       "    <tr>\n",
       "      <th>7</th>\n",
       "      <td>H</td>\n",
       "      <td>2.171880</td>\n",
       "      <td>0.764910</td>\n",
       "    </tr>\n",
       "    <tr>\n",
       "      <th>8</th>\n",
       "      <td>I</td>\n",
       "      <td>1.412280</td>\n",
       "      <td>0.863190</td>\n",
       "    </tr>\n",
       "    <tr>\n",
       "      <th>9</th>\n",
       "      <td>J</td>\n",
       "      <td>2.386260</td>\n",
       "      <td>1.387260</td>\n",
       "    </tr>\n",
       "    <tr>\n",
       "      <th>10</th>\n",
       "      <td>K</td>\n",
       "      <td>2.858490</td>\n",
       "      <td>0.523080</td>\n",
       "    </tr>\n",
       "    <tr>\n",
       "      <th>11</th>\n",
       "      <td>L</td>\n",
       "      <td>2.241360</td>\n",
       "      <td>2.309940</td>\n",
       "    </tr>\n",
       "    <tr>\n",
       "      <th>12</th>\n",
       "      <td>M</td>\n",
       "      <td>1.702530</td>\n",
       "      <td>1.432620</td>\n",
       "    </tr>\n",
       "    <tr>\n",
       "      <th>13</th>\n",
       "      <td>N</td>\n",
       "      <td>1.948140</td>\n",
       "      <td>0.318510</td>\n",
       "    </tr>\n",
       "    <tr>\n",
       "      <th>14</th>\n",
       "      <td>O</td>\n",
       "      <td>0.831420</td>\n",
       "      <td>0.131490</td>\n",
       "    </tr>\n",
       "  </tbody>\n",
       "</table>\n",
       "</div>"
      ],
      "text/plain": [
       "   Cliente   Coord x   Coord y\n",
       "0        A  0.257571  1.803726\n",
       "1        B  1.523313  2.102301\n",
       "2        C  0.710910  2.629800\n",
       "3        D  1.013940  2.149740\n",
       "4        E  0.609480  0.666810\n",
       "5        F  0.998640  1.451790\n",
       "6        G  1.434510  0.018180\n",
       "7        H  2.171880  0.764910\n",
       "8        I  1.412280  0.863190\n",
       "9        J  2.386260  1.387260\n",
       "10       K  2.858490  0.523080\n",
       "11       L  2.241360  2.309940\n",
       "12       M  1.702530  1.432620\n",
       "13       N  1.948140  0.318510\n",
       "14       O  0.831420  0.131490"
      ]
     },
     "execution_count": 23,
     "metadata": {},
     "output_type": "execute_result"
    }
   ],
   "source": [
    "df_clientes = pd.read_excel(\"data/inputs/data_inputs.xlsx\", sheet_name=\"clientes\")\n",
    "df_clientes"
   ]
  },
  {
   "cell_type": "code",
   "execution_count": 4,
   "metadata": {},
   "outputs": [
    {
     "data": {
      "text/html": [
       "<div>\n",
       "<style scoped>\n",
       "    .dataframe tbody tr th:only-of-type {\n",
       "        vertical-align: middle;\n",
       "    }\n",
       "\n",
       "    .dataframe tbody tr th {\n",
       "        vertical-align: top;\n",
       "    }\n",
       "\n",
       "    .dataframe thead th {\n",
       "        text-align: right;\n",
       "    }\n",
       "</style>\n",
       "<table border=\"1\" class=\"dataframe\">\n",
       "  <thead>\n",
       "    <tr style=\"text-align: right;\">\n",
       "      <th></th>\n",
       "      <th>camion</th>\n",
       "      <th>carga_max</th>\n",
       "      <th>clientes_max</th>\n",
       "      <th>dist_max</th>\n",
       "    </tr>\n",
       "  </thead>\n",
       "  <tbody>\n",
       "    <tr>\n",
       "      <th>0</th>\n",
       "      <td>1</td>\n",
       "      <td>12</td>\n",
       "      <td>3</td>\n",
       "      <td>2</td>\n",
       "    </tr>\n",
       "    <tr>\n",
       "      <th>1</th>\n",
       "      <td>2</td>\n",
       "      <td>12</td>\n",
       "      <td>3</td>\n",
       "      <td>2</td>\n",
       "    </tr>\n",
       "    <tr>\n",
       "      <th>2</th>\n",
       "      <td>3</td>\n",
       "      <td>12</td>\n",
       "      <td>3</td>\n",
       "      <td>2</td>\n",
       "    </tr>\n",
       "    <tr>\n",
       "      <th>3</th>\n",
       "      <td>4</td>\n",
       "      <td>12</td>\n",
       "      <td>3</td>\n",
       "      <td>2</td>\n",
       "    </tr>\n",
       "    <tr>\n",
       "      <th>4</th>\n",
       "      <td>5</td>\n",
       "      <td>12</td>\n",
       "      <td>3</td>\n",
       "      <td>2</td>\n",
       "    </tr>\n",
       "    <tr>\n",
       "      <th>5</th>\n",
       "      <td>6</td>\n",
       "      <td>12</td>\n",
       "      <td>3</td>\n",
       "      <td>2</td>\n",
       "    </tr>\n",
       "  </tbody>\n",
       "</table>\n",
       "</div>"
      ],
      "text/plain": [
       "   camion  carga_max  clientes_max  dist_max\n",
       "0       1         12             3         2\n",
       "1       2         12             3         2\n",
       "2       3         12             3         2\n",
       "3       4         12             3         2\n",
       "4       5         12             3         2\n",
       "5       6         12             3         2"
      ]
     },
     "execution_count": 4,
     "metadata": {},
     "output_type": "execute_result"
    }
   ],
   "source": [
    "df_camiones = pd.read_excel(\"data/inputs/data_inputs.xlsx\", sheet_name=\"camiones\")\n",
    "df_camiones"
   ]
  },
  {
   "cell_type": "code",
   "execution_count": 5,
   "metadata": {},
   "outputs": [
    {
     "data": {
      "text/html": [
       "<div>\n",
       "<style scoped>\n",
       "    .dataframe tbody tr th:only-of-type {\n",
       "        vertical-align: middle;\n",
       "    }\n",
       "\n",
       "    .dataframe tbody tr th {\n",
       "        vertical-align: top;\n",
       "    }\n",
       "\n",
       "    .dataframe thead th {\n",
       "        text-align: right;\n",
       "    }\n",
       "</style>\n",
       "<table border=\"1\" class=\"dataframe\">\n",
       "  <thead>\n",
       "    <tr style=\"text-align: right;\">\n",
       "      <th></th>\n",
       "      <th>Cliente</th>\n",
       "      <th>Pedidos #1</th>\n",
       "      <th>Pedidos #2</th>\n",
       "      <th>Pedidos #3</th>\n",
       "      <th>Pedidos #4</th>\n",
       "      <th>Pedidos #5</th>\n",
       "      <th>Pedidos #6</th>\n",
       "    </tr>\n",
       "  </thead>\n",
       "  <tbody>\n",
       "    <tr>\n",
       "      <th>0</th>\n",
       "      <td>A</td>\n",
       "      <td>4</td>\n",
       "      <td>3</td>\n",
       "      <td>5</td>\n",
       "      <td>2</td>\n",
       "      <td>6</td>\n",
       "      <td>6</td>\n",
       "    </tr>\n",
       "    <tr>\n",
       "      <th>1</th>\n",
       "      <td>B</td>\n",
       "      <td>6</td>\n",
       "      <td>6</td>\n",
       "      <td>5</td>\n",
       "      <td>4</td>\n",
       "      <td>1</td>\n",
       "      <td>3</td>\n",
       "    </tr>\n",
       "    <tr>\n",
       "      <th>2</th>\n",
       "      <td>C</td>\n",
       "      <td>1</td>\n",
       "      <td>6</td>\n",
       "      <td>6</td>\n",
       "      <td>2</td>\n",
       "      <td>6</td>\n",
       "      <td>7</td>\n",
       "    </tr>\n",
       "    <tr>\n",
       "      <th>3</th>\n",
       "      <td>D</td>\n",
       "      <td>8</td>\n",
       "      <td>6</td>\n",
       "      <td>5</td>\n",
       "      <td>2</td>\n",
       "      <td>8</td>\n",
       "      <td>2</td>\n",
       "    </tr>\n",
       "    <tr>\n",
       "      <th>4</th>\n",
       "      <td>E</td>\n",
       "      <td>4</td>\n",
       "      <td>1</td>\n",
       "      <td>2</td>\n",
       "      <td>4</td>\n",
       "      <td>2</td>\n",
       "      <td>3</td>\n",
       "    </tr>\n",
       "    <tr>\n",
       "      <th>5</th>\n",
       "      <td>F</td>\n",
       "      <td>3</td>\n",
       "      <td>1</td>\n",
       "      <td>6</td>\n",
       "      <td>8</td>\n",
       "      <td>6</td>\n",
       "      <td>5</td>\n",
       "    </tr>\n",
       "    <tr>\n",
       "      <th>6</th>\n",
       "      <td>G</td>\n",
       "      <td>3</td>\n",
       "      <td>2</td>\n",
       "      <td>3</td>\n",
       "      <td>7</td>\n",
       "      <td>4</td>\n",
       "      <td>3</td>\n",
       "    </tr>\n",
       "    <tr>\n",
       "      <th>7</th>\n",
       "      <td>H</td>\n",
       "      <td>5</td>\n",
       "      <td>8</td>\n",
       "      <td>5</td>\n",
       "      <td>2</td>\n",
       "      <td>4</td>\n",
       "      <td>8</td>\n",
       "    </tr>\n",
       "    <tr>\n",
       "      <th>8</th>\n",
       "      <td>I</td>\n",
       "      <td>5</td>\n",
       "      <td>2</td>\n",
       "      <td>3</td>\n",
       "      <td>4</td>\n",
       "      <td>2</td>\n",
       "      <td>6</td>\n",
       "    </tr>\n",
       "    <tr>\n",
       "      <th>9</th>\n",
       "      <td>J</td>\n",
       "      <td>1</td>\n",
       "      <td>8</td>\n",
       "      <td>6</td>\n",
       "      <td>8</td>\n",
       "      <td>1</td>\n",
       "      <td>2</td>\n",
       "    </tr>\n",
       "    <tr>\n",
       "      <th>10</th>\n",
       "      <td>K</td>\n",
       "      <td>1</td>\n",
       "      <td>7</td>\n",
       "      <td>6</td>\n",
       "      <td>8</td>\n",
       "      <td>3</td>\n",
       "      <td>4</td>\n",
       "    </tr>\n",
       "    <tr>\n",
       "      <th>11</th>\n",
       "      <td>L</td>\n",
       "      <td>6</td>\n",
       "      <td>4</td>\n",
       "      <td>3</td>\n",
       "      <td>5</td>\n",
       "      <td>2</td>\n",
       "      <td>6</td>\n",
       "    </tr>\n",
       "    <tr>\n",
       "      <th>12</th>\n",
       "      <td>M</td>\n",
       "      <td>0</td>\n",
       "      <td>0</td>\n",
       "      <td>0</td>\n",
       "      <td>0</td>\n",
       "      <td>8</td>\n",
       "      <td>1</td>\n",
       "    </tr>\n",
       "    <tr>\n",
       "      <th>13</th>\n",
       "      <td>N</td>\n",
       "      <td>0</td>\n",
       "      <td>0</td>\n",
       "      <td>0</td>\n",
       "      <td>0</td>\n",
       "      <td>5</td>\n",
       "      <td>1</td>\n",
       "    </tr>\n",
       "    <tr>\n",
       "      <th>14</th>\n",
       "      <td>O</td>\n",
       "      <td>0</td>\n",
       "      <td>0</td>\n",
       "      <td>0</td>\n",
       "      <td>0</td>\n",
       "      <td>8</td>\n",
       "      <td>4</td>\n",
       "    </tr>\n",
       "    <tr>\n",
       "      <th>15</th>\n",
       "      <td>Total</td>\n",
       "      <td>47</td>\n",
       "      <td>54</td>\n",
       "      <td>55</td>\n",
       "      <td>56</td>\n",
       "      <td>66</td>\n",
       "      <td>61</td>\n",
       "    </tr>\n",
       "  </tbody>\n",
       "</table>\n",
       "</div>"
      ],
      "text/plain": [
       "   Cliente  Pedidos #1  Pedidos #2  Pedidos #3  Pedidos #4  Pedidos #5  \\\n",
       "0        A           4           3           5           2           6   \n",
       "1        B           6           6           5           4           1   \n",
       "2        C           1           6           6           2           6   \n",
       "3        D           8           6           5           2           8   \n",
       "4        E           4           1           2           4           2   \n",
       "5        F           3           1           6           8           6   \n",
       "6        G           3           2           3           7           4   \n",
       "7        H           5           8           5           2           4   \n",
       "8        I           5           2           3           4           2   \n",
       "9        J           1           8           6           8           1   \n",
       "10       K           1           7           6           8           3   \n",
       "11       L           6           4           3           5           2   \n",
       "12       M           0           0           0           0           8   \n",
       "13       N           0           0           0           0           5   \n",
       "14       O           0           0           0           0           8   \n",
       "15   Total          47          54          55          56          66   \n",
       "\n",
       "    Pedidos #6  \n",
       "0            6  \n",
       "1            3  \n",
       "2            7  \n",
       "3            2  \n",
       "4            3  \n",
       "5            5  \n",
       "6            3  \n",
       "7            8  \n",
       "8            6  \n",
       "9            2  \n",
       "10           4  \n",
       "11           6  \n",
       "12           1  \n",
       "13           1  \n",
       "14           4  \n",
       "15          61  "
      ]
     },
     "execution_count": 5,
     "metadata": {},
     "output_type": "execute_result"
    }
   ],
   "source": [
    "df_pedidos = pd.read_excel(\"data/inputs/data_inputs.xlsx\", sheet_name=\"pedidos\")\n",
    "df_pedidos"
   ]
  },
  {
   "cell_type": "code",
   "execution_count": 6,
   "metadata": {},
   "outputs": [
    {
     "data": {
      "text/html": [
       "<div>\n",
       "<style scoped>\n",
       "    .dataframe tbody tr th:only-of-type {\n",
       "        vertical-align: middle;\n",
       "    }\n",
       "\n",
       "    .dataframe tbody tr th {\n",
       "        vertical-align: top;\n",
       "    }\n",
       "\n",
       "    .dataframe thead th {\n",
       "        text-align: right;\n",
       "    }\n",
       "</style>\n",
       "<table border=\"1\" class=\"dataframe\">\n",
       "  <thead>\n",
       "    <tr style=\"text-align: right;\">\n",
       "      <th></th>\n",
       "      <th>Cliente</th>\n",
       "      <th>A</th>\n",
       "      <th>B</th>\n",
       "      <th>C</th>\n",
       "      <th>D</th>\n",
       "      <th>E</th>\n",
       "      <th>F</th>\n",
       "      <th>G</th>\n",
       "      <th>H</th>\n",
       "      <th>I</th>\n",
       "      <th>J</th>\n",
       "      <th>K</th>\n",
       "      <th>L</th>\n",
       "      <th>M</th>\n",
       "      <th>N</th>\n",
       "      <th>O</th>\n",
       "    </tr>\n",
       "  </thead>\n",
       "  <tbody>\n",
       "    <tr>\n",
       "      <th>0</th>\n",
       "      <td>A</td>\n",
       "      <td>0.000000</td>\n",
       "      <td>1.300481</td>\n",
       "      <td>0.942292</td>\n",
       "      <td>0.831757</td>\n",
       "      <td>1.190134</td>\n",
       "      <td>0.820391</td>\n",
       "      <td>2.138542</td>\n",
       "      <td>2.178008</td>\n",
       "      <td>1.489282</td>\n",
       "      <td>2.169046</td>\n",
       "      <td>2.899109</td>\n",
       "      <td>2.047357</td>\n",
       "      <td>1.491853</td>\n",
       "      <td>2.250309</td>\n",
       "      <td>1.767958</td>\n",
       "    </tr>\n",
       "    <tr>\n",
       "      <th>1</th>\n",
       "      <td>B</td>\n",
       "      <td>1.300481</td>\n",
       "      <td>0.000000</td>\n",
       "      <td>0.968635</td>\n",
       "      <td>0.511577</td>\n",
       "      <td>1.701683</td>\n",
       "      <td>0.835731</td>\n",
       "      <td>2.086012</td>\n",
       "      <td>1.486356</td>\n",
       "      <td>1.244076</td>\n",
       "      <td>1.120697</td>\n",
       "      <td>2.068003</td>\n",
       "      <td>0.747466</td>\n",
       "      <td>0.693247</td>\n",
       "      <td>1.833682</td>\n",
       "      <td>2.088735</td>\n",
       "    </tr>\n",
       "    <tr>\n",
       "      <th>2</th>\n",
       "      <td>C</td>\n",
       "      <td>0.942292</td>\n",
       "      <td>0.968635</td>\n",
       "      <td>0.000000</td>\n",
       "      <td>0.567701</td>\n",
       "      <td>1.965609</td>\n",
       "      <td>1.212640</td>\n",
       "      <td>2.710010</td>\n",
       "      <td>2.369018</td>\n",
       "      <td>1.900745</td>\n",
       "      <td>2.085834</td>\n",
       "      <td>3.008383</td>\n",
       "      <td>1.563518</td>\n",
       "      <td>1.554526</td>\n",
       "      <td>2.621602</td>\n",
       "      <td>2.501215</td>\n",
       "    </tr>\n",
       "    <tr>\n",
       "      <th>3</th>\n",
       "      <td>D</td>\n",
       "      <td>0.831757</td>\n",
       "      <td>0.511577</td>\n",
       "      <td>0.567701</td>\n",
       "      <td>0.000000</td>\n",
       "      <td>1.537098</td>\n",
       "      <td>0.698118</td>\n",
       "      <td>2.172654</td>\n",
       "      <td>1.805154</td>\n",
       "      <td>1.346806</td>\n",
       "      <td>1.569917</td>\n",
       "      <td>2.459347</td>\n",
       "      <td>1.237830</td>\n",
       "      <td>0.994192</td>\n",
       "      <td>2.055756</td>\n",
       "      <td>2.026486</td>\n",
       "    </tr>\n",
       "    <tr>\n",
       "      <th>4</th>\n",
       "      <td>E</td>\n",
       "      <td>1.190134</td>\n",
       "      <td>1.701683</td>\n",
       "      <td>1.965609</td>\n",
       "      <td>1.537098</td>\n",
       "      <td>0.000000</td>\n",
       "      <td>0.876150</td>\n",
       "      <td>1.049474</td>\n",
       "      <td>1.565477</td>\n",
       "      <td>0.826470</td>\n",
       "      <td>1.917289</td>\n",
       "      <td>2.253598</td>\n",
       "      <td>2.315795</td>\n",
       "      <td>1.334625</td>\n",
       "      <td>1.383229</td>\n",
       "      <td>0.579504</td>\n",
       "    </tr>\n",
       "    <tr>\n",
       "      <th>5</th>\n",
       "      <td>F</td>\n",
       "      <td>0.820391</td>\n",
       "      <td>0.835731</td>\n",
       "      <td>1.212640</td>\n",
       "      <td>0.698118</td>\n",
       "      <td>0.876150</td>\n",
       "      <td>0.000000</td>\n",
       "      <td>1.498406</td>\n",
       "      <td>1.359521</td>\n",
       "      <td>0.719408</td>\n",
       "      <td>1.389120</td>\n",
       "      <td>2.078832</td>\n",
       "      <td>1.510223</td>\n",
       "      <td>0.704151</td>\n",
       "      <td>1.478470</td>\n",
       "      <td>1.330847</td>\n",
       "    </tr>\n",
       "    <tr>\n",
       "      <th>6</th>\n",
       "      <td>G</td>\n",
       "      <td>2.138542</td>\n",
       "      <td>2.086012</td>\n",
       "      <td>2.710010</td>\n",
       "      <td>2.172654</td>\n",
       "      <td>1.049474</td>\n",
       "      <td>1.498406</td>\n",
       "      <td>0.000000</td>\n",
       "      <td>1.049438</td>\n",
       "      <td>0.845302</td>\n",
       "      <td>1.667396</td>\n",
       "      <td>1.510842</td>\n",
       "      <td>2.429644</td>\n",
       "      <td>1.439609</td>\n",
       "      <td>0.594991</td>\n",
       "      <td>0.613642</td>\n",
       "    </tr>\n",
       "    <tr>\n",
       "      <th>7</th>\n",
       "      <td>H</td>\n",
       "      <td>2.178008</td>\n",
       "      <td>1.486356</td>\n",
       "      <td>2.369018</td>\n",
       "      <td>1.805154</td>\n",
       "      <td>1.565477</td>\n",
       "      <td>1.359521</td>\n",
       "      <td>1.049438</td>\n",
       "      <td>0.000000</td>\n",
       "      <td>0.765932</td>\n",
       "      <td>0.658239</td>\n",
       "      <td>0.727953</td>\n",
       "      <td>1.546591</td>\n",
       "      <td>0.816165</td>\n",
       "      <td>0.499332</td>\n",
       "      <td>1.482584</td>\n",
       "    </tr>\n",
       "    <tr>\n",
       "      <th>8</th>\n",
       "      <td>I</td>\n",
       "      <td>1.489282</td>\n",
       "      <td>1.244076</td>\n",
       "      <td>1.900745</td>\n",
       "      <td>1.346806</td>\n",
       "      <td>0.826470</td>\n",
       "      <td>0.719408</td>\n",
       "      <td>0.845302</td>\n",
       "      <td>0.765932</td>\n",
       "      <td>0.000000</td>\n",
       "      <td>1.106023</td>\n",
       "      <td>1.485664</td>\n",
       "      <td>1.667471</td>\n",
       "      <td>0.639137</td>\n",
       "      <td>0.764083</td>\n",
       "      <td>0.934229</td>\n",
       "    </tr>\n",
       "    <tr>\n",
       "      <th>9</th>\n",
       "      <td>J</td>\n",
       "      <td>2.169046</td>\n",
       "      <td>1.120697</td>\n",
       "      <td>2.085834</td>\n",
       "      <td>1.569917</td>\n",
       "      <td>1.917289</td>\n",
       "      <td>1.389120</td>\n",
       "      <td>1.667396</td>\n",
       "      <td>0.658239</td>\n",
       "      <td>1.106023</td>\n",
       "      <td>0.000000</td>\n",
       "      <td>0.984788</td>\n",
       "      <td>0.933988</td>\n",
       "      <td>0.685233</td>\n",
       "      <td>1.155065</td>\n",
       "      <td>1.998621</td>\n",
       "    </tr>\n",
       "    <tr>\n",
       "      <th>10</th>\n",
       "      <td>K</td>\n",
       "      <td>2.899109</td>\n",
       "      <td>2.068003</td>\n",
       "      <td>3.008383</td>\n",
       "      <td>2.459347</td>\n",
       "      <td>2.253598</td>\n",
       "      <td>2.078832</td>\n",
       "      <td>1.510842</td>\n",
       "      <td>0.727953</td>\n",
       "      <td>1.485664</td>\n",
       "      <td>0.984788</td>\n",
       "      <td>0.000000</td>\n",
       "      <td>1.890428</td>\n",
       "      <td>1.470886</td>\n",
       "      <td>0.933052</td>\n",
       "      <td>2.064547</td>\n",
       "    </tr>\n",
       "    <tr>\n",
       "      <th>11</th>\n",
       "      <td>L</td>\n",
       "      <td>2.047357</td>\n",
       "      <td>0.747466</td>\n",
       "      <td>1.563518</td>\n",
       "      <td>1.237830</td>\n",
       "      <td>2.315795</td>\n",
       "      <td>1.510223</td>\n",
       "      <td>2.429644</td>\n",
       "      <td>1.546591</td>\n",
       "      <td>1.667471</td>\n",
       "      <td>0.933988</td>\n",
       "      <td>1.890428</td>\n",
       "      <td>0.000000</td>\n",
       "      <td>1.029577</td>\n",
       "      <td>2.012901</td>\n",
       "      <td>2.594913</td>\n",
       "    </tr>\n",
       "    <tr>\n",
       "      <th>12</th>\n",
       "      <td>M</td>\n",
       "      <td>1.491853</td>\n",
       "      <td>0.693247</td>\n",
       "      <td>1.554526</td>\n",
       "      <td>0.994192</td>\n",
       "      <td>1.334625</td>\n",
       "      <td>0.704151</td>\n",
       "      <td>1.439609</td>\n",
       "      <td>0.816165</td>\n",
       "      <td>0.639137</td>\n",
       "      <td>0.685233</td>\n",
       "      <td>1.470886</td>\n",
       "      <td>1.029577</td>\n",
       "      <td>0.000000</td>\n",
       "      <td>1.140862</td>\n",
       "      <td>1.565813</td>\n",
       "    </tr>\n",
       "    <tr>\n",
       "      <th>13</th>\n",
       "      <td>N</td>\n",
       "      <td>2.250309</td>\n",
       "      <td>1.833682</td>\n",
       "      <td>2.621602</td>\n",
       "      <td>2.055756</td>\n",
       "      <td>1.383229</td>\n",
       "      <td>1.478470</td>\n",
       "      <td>0.594991</td>\n",
       "      <td>0.499332</td>\n",
       "      <td>0.764083</td>\n",
       "      <td>1.155065</td>\n",
       "      <td>0.933052</td>\n",
       "      <td>2.012901</td>\n",
       "      <td>1.140862</td>\n",
       "      <td>0.000000</td>\n",
       "      <td>1.132272</td>\n",
       "    </tr>\n",
       "    <tr>\n",
       "      <th>14</th>\n",
       "      <td>O</td>\n",
       "      <td>1.767958</td>\n",
       "      <td>2.088735</td>\n",
       "      <td>2.501215</td>\n",
       "      <td>2.026486</td>\n",
       "      <td>0.579504</td>\n",
       "      <td>1.330847</td>\n",
       "      <td>0.613642</td>\n",
       "      <td>1.482584</td>\n",
       "      <td>0.934229</td>\n",
       "      <td>1.998621</td>\n",
       "      <td>2.064547</td>\n",
       "      <td>2.594913</td>\n",
       "      <td>1.565813</td>\n",
       "      <td>1.132272</td>\n",
       "      <td>0.000000</td>\n",
       "    </tr>\n",
       "  </tbody>\n",
       "</table>\n",
       "</div>"
      ],
      "text/plain": [
       "   Cliente         A         B         C         D         E         F  \\\n",
       "0        A  0.000000  1.300481  0.942292  0.831757  1.190134  0.820391   \n",
       "1        B  1.300481  0.000000  0.968635  0.511577  1.701683  0.835731   \n",
       "2        C  0.942292  0.968635  0.000000  0.567701  1.965609  1.212640   \n",
       "3        D  0.831757  0.511577  0.567701  0.000000  1.537098  0.698118   \n",
       "4        E  1.190134  1.701683  1.965609  1.537098  0.000000  0.876150   \n",
       "5        F  0.820391  0.835731  1.212640  0.698118  0.876150  0.000000   \n",
       "6        G  2.138542  2.086012  2.710010  2.172654  1.049474  1.498406   \n",
       "7        H  2.178008  1.486356  2.369018  1.805154  1.565477  1.359521   \n",
       "8        I  1.489282  1.244076  1.900745  1.346806  0.826470  0.719408   \n",
       "9        J  2.169046  1.120697  2.085834  1.569917  1.917289  1.389120   \n",
       "10       K  2.899109  2.068003  3.008383  2.459347  2.253598  2.078832   \n",
       "11       L  2.047357  0.747466  1.563518  1.237830  2.315795  1.510223   \n",
       "12       M  1.491853  0.693247  1.554526  0.994192  1.334625  0.704151   \n",
       "13       N  2.250309  1.833682  2.621602  2.055756  1.383229  1.478470   \n",
       "14       O  1.767958  2.088735  2.501215  2.026486  0.579504  1.330847   \n",
       "\n",
       "           G         H         I         J         K         L         M  \\\n",
       "0   2.138542  2.178008  1.489282  2.169046  2.899109  2.047357  1.491853   \n",
       "1   2.086012  1.486356  1.244076  1.120697  2.068003  0.747466  0.693247   \n",
       "2   2.710010  2.369018  1.900745  2.085834  3.008383  1.563518  1.554526   \n",
       "3   2.172654  1.805154  1.346806  1.569917  2.459347  1.237830  0.994192   \n",
       "4   1.049474  1.565477  0.826470  1.917289  2.253598  2.315795  1.334625   \n",
       "5   1.498406  1.359521  0.719408  1.389120  2.078832  1.510223  0.704151   \n",
       "6   0.000000  1.049438  0.845302  1.667396  1.510842  2.429644  1.439609   \n",
       "7   1.049438  0.000000  0.765932  0.658239  0.727953  1.546591  0.816165   \n",
       "8   0.845302  0.765932  0.000000  1.106023  1.485664  1.667471  0.639137   \n",
       "9   1.667396  0.658239  1.106023  0.000000  0.984788  0.933988  0.685233   \n",
       "10  1.510842  0.727953  1.485664  0.984788  0.000000  1.890428  1.470886   \n",
       "11  2.429644  1.546591  1.667471  0.933988  1.890428  0.000000  1.029577   \n",
       "12  1.439609  0.816165  0.639137  0.685233  1.470886  1.029577  0.000000   \n",
       "13  0.594991  0.499332  0.764083  1.155065  0.933052  2.012901  1.140862   \n",
       "14  0.613642  1.482584  0.934229  1.998621  2.064547  2.594913  1.565813   \n",
       "\n",
       "           N         O  \n",
       "0   2.250309  1.767958  \n",
       "1   1.833682  2.088735  \n",
       "2   2.621602  2.501215  \n",
       "3   2.055756  2.026486  \n",
       "4   1.383229  0.579504  \n",
       "5   1.478470  1.330847  \n",
       "6   0.594991  0.613642  \n",
       "7   0.499332  1.482584  \n",
       "8   0.764083  0.934229  \n",
       "9   1.155065  1.998621  \n",
       "10  0.933052  2.064547  \n",
       "11  2.012901  2.594913  \n",
       "12  1.140862  1.565813  \n",
       "13  0.000000  1.132272  \n",
       "14  1.132272  0.000000  "
      ]
     },
     "execution_count": 6,
     "metadata": {},
     "output_type": "execute_result"
    }
   ],
   "source": [
    "df_distancias = pd.read_excel(\"data/inputs/data_inputs.xlsx\", sheet_name=\"distancias\")\n",
    "df_distancias"
   ]
  },
  {
   "cell_type": "code",
   "execution_count": 12,
   "metadata": {},
   "outputs": [],
   "source": [
    "class Camion(object):\n",
    "    \n",
    "    def __init__(self, ix, carga_max, pedidos_max, dist_max):\n",
    "        self.ix = ix\n",
    "        self.carga_max = carga_max\n",
    "        self.pedidos_max = pedidos_max\n",
    "        self.dist_max = dist_max\n",
    "        self.pedidos_asignados = []\n",
    "        \n",
    "    def __repr__(self):\n",
    "        return f'Camión {self.ix}'\n",
    "    \n",
    "    def __str__(self):\n",
    "        return f'Camión {self.ix}'\n",
    "    \n",
    "    def check_pedido(self, pedido):\n",
    "        pass\n",
    "    \n",
    "    def add_pedido(self, pedido):\n",
    "        pass\n",
    "    \n",
    "    def remove_pedido(self, pedido):\n",
    "        pass\n",
    "\n",
    "    def costo(self):\n",
    "        pass\n",
    "\n",
    "    def carga(self):\n",
    "        pass\n",
    "    \n",
    "    def count_pedidos(self):\n",
    "        return len(self.pedidos_asignados)\n",
    "        \n",
    "        \n",
    "        \n",
    "        \n",
    "        \n",
    "class Pedido(object):\n",
    "    \n",
    "    def __init__(self, ix, x, y, carga):\n",
    "        self.ix = ix\n",
    "        self.x = x\n",
    "        self.y = y\n",
    "        self.carga = carga\n",
    "        self.asignado = False\n",
    "        \n",
    "    def __repr__(self):\n",
    "        return f'Pedido {self.ix}'\n",
    "    \n",
    "    def __str__(self):\n",
    "        return f'Pedido {self.ix}'\n",
    "    \n",
    "    def distancia(self, other):\n",
    "        pass\n",
    "        "
   ]
  },
  {
   "cell_type": "code",
   "execution_count": 14,
   "metadata": {},
   "outputs": [
    {
     "data": {
      "text/plain": [
       "camion           1\n",
       "carga_max       12\n",
       "clientes_max     3\n",
       "dist_max         2\n",
       "Name: 0, dtype: int64"
      ]
     },
     "execution_count": 14,
     "metadata": {},
     "output_type": "execute_result"
    }
   ],
   "source": [
    "camion_prueba = df_camiones.iloc[0,:]\n",
    "camion_prueba"
   ]
  },
  {
   "cell_type": "code",
   "execution_count": 15,
   "metadata": {},
   "outputs": [],
   "source": [
    "camion = Camion(ix=camion_prueba.camion,\n",
    "                carga_max=camion_prueba.carga_max,\n",
    "                pedidos_max=camion_prueba.clientes_max,\n",
    "                dist_max=camion_prueba.dist_max)"
   ]
  },
  {
   "cell_type": "code",
   "execution_count": 26,
   "metadata": {},
   "outputs": [
    {
     "data": {
      "text/plain": [
       "Cliente           A\n",
       "Coord x    0.257571\n",
       "Coord y     1.80373\n",
       "Name: 0, dtype: object"
      ]
     },
     "execution_count": 26,
     "metadata": {},
     "output_type": "execute_result"
    }
   ],
   "source": [
    "pedido_prueba = df_pedidos.iloc[0,0:2]\n",
    "pedido_prueba\n",
    "\n",
    "cliente_prueba = df_clientes.iloc[0]\n",
    "cliente_prueba"
   ]
  },
  {
   "cell_type": "code",
   "execution_count": 31,
   "metadata": {},
   "outputs": [],
   "source": [
    "pedido = Pedido(ix=pedido_prueba.Cliente,\n",
    "                x=cliente_prueba[\"Coord x\"],\n",
    "                y=cliente_prueba[\"Coord y\"],\n",
    "                carga=pedido_prueba[\"Pedidos #1\"])"
   ]
  },
  {
   "cell_type": "code",
   "execution_count": 32,
   "metadata": {},
   "outputs": [
    {
     "data": {
      "text/plain": [
       "Pedido A"
      ]
     },
     "execution_count": 32,
     "metadata": {},
     "output_type": "execute_result"
    }
   ],
   "source": [
    "pedido"
   ]
  },
  {
   "cell_type": "code",
   "execution_count": null,
   "metadata": {},
   "outputs": [],
   "source": []
  }
 ],
 "metadata": {
  "kernelspec": {
   "display_name": "Python 3.8.5 ('base')",
   "language": "python",
   "name": "python3"
  },
  "language_info": {
   "codemirror_mode": {
    "name": "ipython",
    "version": 3
   },
   "file_extension": ".py",
   "mimetype": "text/x-python",
   "name": "python",
   "nbconvert_exporter": "python",
   "pygments_lexer": "ipython3",
   "version": "3.8.5"
  },
  "orig_nbformat": 4,
  "vscode": {
   "interpreter": {
    "hash": "70e1497991c8da6a3b5dfb08a5f1c781fe3cedc28f4548461be1a96558f5870a"
   }
  }
 },
 "nbformat": 4,
 "nbformat_minor": 2
}
